tensor([[[255, 255, 255,  ...,   0,   0,   0],
         [255, 255, 255,  ...,   0,   0,   0],
         [255, 255, 255,  ...,   0,   0,   0],
         ...,
         [255, 255,   0,  ...,   0,   0,   0],
         [255, 255,   0,  ...,   0,   0,   0],
         [255, 255,   0,  ...,   0,   0,   0]],

        [[  0,   0,   0,  ...,   0,   0,   0],
         [  0,   0,   0,  ...,   0,   0,   0],
         [  0,   0,   0,  ...,   0,   0,   0],
         ...,
         [  0,   0,   0,  ...,   6,   6,   6],
         [  0,   0,   0,  ...,   6,   6,   6],
         [  0,   0,   0,  ...,   6,   6,   6]],

        [[  0,   0,   0,  ...,   0,   0,   0],
         [  0,   0,   0,  ...,   0,   0,   0],
         [  0,   0,   0,  ...,   0,   0,   0],
         ...,
         [  0,   0,   0,  ...,   0,   0,   0],
         [  0,   0,   0,  ...,   0,   0,   0],
         [  0,   0,   0,  ...,   0,   0,   0]],

        ...,

        [[255, 255, 255,  ...,  10,  10,  10],
         [255, 255, 255,  ...,  10,  10,  10],
         [255, 255, 255,  ...,  10,  10,  10],
         ...,
         [ 15,  15,  15,  ...,  10,  10,  10],
         [ 15,  15,  15,  ...,  10,  10,  10],
         [ 15,  15,  15,  ...,  10,  10,  10]],

        [[  0,   0,   0,  ...,   0,   0,   0],
         [  0,   0,   0,  ...,   0,   0,   0],
         [  0,   0,   0,  ...,   0,   0,   0],
         ...,
         [  0,   0,   0,  ...,   0,   0,   0],
         [  0,   0,   0,  ...,   0,   0,   0],
         [  0,   0,   0,  ...,   0,   0,   0]],

        [[  0,   0,   0,  ...,   0,   0,   0],
         [  0,   0,   0,  ...,   0,   0,   0],
         [  0,   0,   0,  ...,   0,   0,   0],
         ...,
         [255, 255, 255,  ..., 255, 255, 255],
         [255, 255, 255,  ..., 255, 255, 255],
         [255, 255, 255,  ..., 255, 255, 255]]], device='cuda:0')